0
7
128
718
1944
3318
4225
4793
5463
6154
6742
7646
9153
10875
12503
14186
15743
16576
16647
16492
16245
15728
15243
15139
15053
14531
13780
12980
11739
9893
7900
6054
4200
2472
1154
-80
-1793
-3833
-5739
-7557
-9396
-10852
-11701
-12397
-13260
-14044
-14680
-15444
-16178
-16420
-16310
-16301
-16276
-15922
-15453
-15064
-14354
-13097
-11670
-10222
-8427
-6397
-4708
-3394
-1973
-387
1111
2718
4693
6671
8226
9568
10924
12033
12825
13700
14747
15594
16183
16755
17093
16792
16044
15267
14366
13234
12278
11702
11067
10109
9069
7912
6245
4183
2268
528
-1345
-3150
-4558
-5892
-7528
-9198
-10674
-12210
-13739
-14435
-13126
-9581
-4898
-989
1371
2516
2880
1998
-715
-4841
-8872
-11549
-12657
-12264
-10360
-7530
-4836
-2700
-819
887
2227
3419
4800
6185
7347
8556
9941
11148
12120
13267
14524
15333
15647
15901
16080
15901
15571
15366
14923
13905
12703
11696
10586
9123
7576
6026
4226
2382
1004
-1
-1065
-2143
-3072
-4156
-5558
-6872
-7996
-9503
-11604
-13756
-15547
-16997
-17867
-17845
-17281
-16764
-16233
-15393
-14495
-13834
-13113
-12079
-11014
-10011
-8660
-6886
-5164
-3661
-2148
-696
515
1834
3652
5683
7536
9348
11161
12493
13166
13661
14220
14327
12934
9706
5532
2344
1755
3979
7628
10963
13125
13814
12855
10697
8345
6286
4335
2574
1288
151
-1413
-3244
-4882
-6452
-8235
-9948
-11326
-12661
-14082
-15172
-15749
-16134
-16355
-15910
-13937
-10117
-5201
-1159
178
-1550
-4961
-8336
-10771
-11821
-11199
-9324
-7067
-4707
-2084
415
2206
3481
4805
6163
7357
8616
10083
11405
12418
13398
14338
14902
15203
15653
16133
16231
16044
15808
15298
14384
13508
12880
12017
10635
9067
7431
5440
3187
1135
-737
-2730
-4623
-6013
-7095
-8251
-9402
-10482
-11786
-13301
-14487
-15170
-15743
-16284
-16460
-16334
-16257
-16114
-15629
-15027
-14507
-13694
-12357
-10947
-9761
-8486
-6991
-5543
-4041
-2144
-151
1377
2622
4106
5785
7409
9139
10962
12334
13046
13576
14190
14675
15086
15674
16151
16101
15835
15833
15818
15314
14480
13532
12174
10340
8556
7059
5513
3868
2397
893
-1041
-3121
-4800
-6167
-7489
-8569
-9368
-10421
-11960
-13250
-12918
-10395
-6482
-3123
-2125
-4069
-7847
-11778
-14879
-16637
-16558
-14863
-12628
-10604
-8665
-6761
-5231
-3988
-2507
-782
807
2375
4219
6042
7530
9004
10689
12145
13101
13882
14591
14683
13183
9789
5386
1997
1389
3837
7865
11604
14089
14959
13996
11646
9039
6821
4822
2959
1449
82
-1569
-3388
-5057
-6695
-8370
-9694
-10597
-11603
-12875
-13658
-12681
-9533
-5185
-1732
-1008
-3407
-7506
-11409
-14219
-15733
-15692
-14276
-12377
-10579
-8701
-6710
-5003
-3542
-1887
-42
1713
3562
5667
7545
8759
9652
10625
11573
12485
13703
15106
15815
14595
11072
6247
2336
1267
3376
7168
10769
13269
14343
13732
11782
9452
7184
4768
2401
678
-454
-1541
-2648
-3621
-4778
-6402
-8145
-9646
-11035
-12318
-13198
-13770
-14487
-15274
-15687
-15842
-16131
-16340
-16057
-15480
-14869
-13893
-12337
-10656
-9145
-7517
-5723
-4176
-2900
-1546
-197
887
2066
3809
5836
7694
9446
11115
12340
13134
13956
14790
15182
15229
15461
15860
16047
16096
16197
15991
15197
14216
13340
12217
10679
9076
7435
5407
3175
1316
-190
-1722
-3166
-4297
-5514
-7180
-8914
-10355
-11779
-13309
-14267
-13419
-10362
-6027
-2448
-1421
-3444
-7291
-11150
-14025
-15547
-15372
-13676
-11451
-9436
-7591
-5894
-4623
-3569
-2144
-320
1516
3367
5358
7130
8439
9688
11133
12380
13234
14075
15000
15610
15882
16247
16744
17011
17028
16884
16212
14772
13082
11657
10368
9168
8409
7981
7191
5801
4146
2284
47
-2286
-4347
-6283
-8190
-9630
-10453
-11264
-12466
-13743
-14856
-15931
-16777
-16975
-16688
-16388
-16052
-15486
-15003
-14799
-14352
-13212
-11634
-9870
-7797
-5611
-3847
-2469
-1017
472
1642
2741
4253
6063
7809
9572
11405
12628
11959
9025
4913
1484
-593
-1608
-1864
-883
1895
6165
10517
13603
15137
15292
14073
11860
9500
7350
5174
3066
1390
-88
-1834
-3652
-5189
-6729
-8566
-10276
-11472
-12469
-13552
-14276
-13506
-10730
-6631
-3054
-1811
-3556
-7217
-11044
-14000
-15648
-15641
-14191
-12176
-10152
-8003
-5763
-3802
-2047
-157
1649
2942
3956
5111
6243
7174
8316
9926
11316
11041
8473
4503
1218
509
3002
7538
12200
15795
17901
18234
16994
15069
13180
11302
9419
7807
6376
4705
2924
1538
444
-878
-2482
-4194
-6186
-8474
-10466
-11770
-12708
-13532
-14030
-14287
-14793
-15544
-16058
-16285
-16470
-16426
-15928
-15379
-15122
-14776
-13996
-12986
-11774
-9940
-7498
-5011
-2721
-543
1223
2249
3008
4185
5695
7179
8786
10583
12065
12968
13689
14398
14541
13090
9754
5440
2168
1670
4156
8059
11495
13622
14263
13302
11112
8585
6225
3993
2053
704
-351
-1632
-3031
-4185
-5320
-6802
-8439
-9989
-11660
-13442
-14832
-15655
-16239
-16614
-16532
-16237
-16185
-16196
-15796
-15058
-14236
-13147
-11690
-10240
-8943
-7468
-5874
-4619
-3588
-2205
-481
1144
2746
4575
6307
7593
8760
10093
11283
12205
13238
14392
14906
13617
10108
5241
1154
-127
1883
5745
9541
12309
13719
13489
11870
9719
7554
5291
3073
1298
-161
-1750
-3397
-4846
-6347
-8146
-9843
-11083
-12131
-13185
-13989
-14508
-15107
-15743
-16026
-16068
-16287
-16505
-16292
-15752
-15092
-14029
-12449
-10860
-9567
-8299
-6922
-5602
-4134
-2138
120
2124
3957
5894
7655
8992
10300
11821
13133
13983
14692
15337
15347
13755
10302
5918
2651
2264
4933
9030
12624
14839
15407
14121
11407
8363
5658
3243
1226
-48
-846
-1807
-3017
-4230
-5662
-7546
-9504
-11160
-12651
-13976
-14763
-15059
-15385
-15813
-16003
-16041
-16241
-16360
-15996
-15374
-14816
-14069
-12878
-11505
-10115
-8473
-6700
-5261
-4033
-2415
-393
1587
3557
5741
7791
9277
10424
11585
12677
13676
14825
15941
16446
16329
16105
15924
15646
15475
15560
15375
14488
13309
12314
11334
10218
9196
8112
6451
4328
2351
639
-1076
-2703
-4159
-5869
-8033
-10087
-11612
-12889
-14092
-14692
-13629
-10495
-6126
-2548
-1635
-3832
-7777
-11640
-14590
-16389
-16641
-15356
-13368
-11348
-9261
-7178
-5502
-4169
-2717
-1139
336
1978
4043
6097
7710
9165
10726
12079
13080
14067
15060
15621
15725
15756
15705
15328
14866
14636
14359
13722
13012
12401
11460
9975
8340
6726
4832
2733
842
-875
-2679
-4312
-5497
-6613
-8003
-9381
-10586
-11987
-13606
-14854
-15504
-15887
-16045
-15747
-15251
-14966
-14644
-13905
-13089
-12600
-12152
-11429
-10699
-10062
-9116
-7755
-6347
-4897
-3101
-1182
391
1816
3541
5385
7028
8691
10533
11901
11502
8853
4902
1698
1058
3540
7933
12319
15619
17559
17899
16761
14993
13308
11701
10130
8827
7657
6110
4178
2304
519
-1470
-3507
-5259
-6899
-8620
-10064
-11011
-11866
-12870
-13480
-12550
-9625
-5514
-2193
-1478
-3869
-8098
-12342
-15592
-17415
-17381
-15619
-13046
-10362
-7604
-5012
-3130
-1932
-845
308
1443
2886
4911
7083
8937
10624
12222
13282
13688
14002
14535
15027
15429
15950
16371
16345
16133
16125
16053
15586
14953
14255
12995
10983
8780
6759
4752
2794
1177
-272
-1948
-3714
-5262
-6746
-8306
-9590
-10477
-11457
-12730
-13817
-14510
-15160
-15806
-16111
-16191
-16387
-16449
-15939
-15056
-14135
-13041
-11744
-10663
-9864
-8806
-7272
-5595
-3788
-1574
773
2672
4166
5552
6616
7214
7866
8973
10237
11446
12856
14392
15534
16193
16704
16958
16620
15908
15180
14237
12936
11779
11098
10483
9567
8457
7088
5189
3017
1130
-515
-2254
-3895
-5131
-6273
-7695
-9196
-10598
-12147
-13799
-15006
-15576
-15881
-16043
-15876
-15537
-15303
-14938
-14210
-13513
-13170
-12770
-11952
-10968
-9964
-8615
-6910
-5293
-3800
-2077
-206
1504
3290
5440
7538
9116
10348
11388
11987
12263
12870
13954
14777
14065
11234
6987
3317
2149
3984
7515
10965
13443
14610
14169
12396
10218
8140
5972
3738
1847
256
-1446
-3209
-4745
-6283
-8090
-9834
-11227
-12590
-14098
-15307
-15989
-16425
-16623
-16055
-13903
-9960
-5053
-1175
-91
-1972
-5307
-8423
-10569
-11415
-10694
-8759
-6475
-4276
-2101
-193
1139
2222
3540
4965
6306
7868
9762
11492
12779
13852
14711
14773
13131
9578
5036
1478
626
2820
6684
10434
13152
14471
14077
12281
10042
7884
5708
3645
2000
488
-1367
-3372
-5099
-6651
-8220
-9565
-10644
-11905
-13401
-14325
-13419
-10304
-5944
-2476
-1807
-4353
-8610
-12571
-15275
-16513
-16044
-14095
-11683
-9560
-7627
-5819
-4451
-3410
-2163
-639
845
2446
4458
6581
8358
9884
11276
11998
10995
8110
4474
1986
2046
4823
8998
12814
15432
16765
16712
15428
13633
11868
10061
8232
6794
5750
4602
3205
1808
286
-1598
-3491
-4995
-6423
-8136
-9810
-11127
-12317
-13458
-13994
-12906
-9874
-5763
-2543
-1970
-4426
-8531
-12449
-15305
-16880
-16885
-15432
-13312
-11063
-8625
-6192
-4288
-2875
-1466
-65
1053
2151
3614
5198
6583
8022
9699
11198
12301
13369
14509
15328
15743
16058
16187
15876
15416
15124
14635
13619
12510
11692
10900
9927
8995
8013
6563
4735
3042
1500
-215
-1976
-3544
-5204
-7219
-9190
-10772
-12188
-13533
-14189
-13046
-9778
-5359
-1842
-1027
-3386
-7627
-11835
-14853
-16239
-15758
-13817
-11499
-9451
-7511
-5687
-4372
-3401
-2163
-630
855
2459
4445
6416
7991
9461
11051
12398
13356
14313
15343
16065
16482
16950
17342
17290
16971
16699
16166
15054
13745
12639
11516
10168
8763
7201
5159
2894
1019
-495
-2070
-3672
-5111
-6704
-8684
-10622
-12183
-13653
-15118
-16100
-16468
-16668
-16814
-16606
-16154
-15842
-15531
-14921
-14267
-13862
-13384
-12579
-11761
-10987
-9756
