7
76
1 
-42 
51 
77 
-1 
-14 
91 
91 
7 
35 
126 
82 
-6 
57 
126 
50 
-3 
84 
122 
11 
0 
93 
78 
-26 
-10 
74 
17 
-44 
-7 
65 
-37 
-90 
-4 
15 
-81 
-87 
-7 
-9 
-105 
-94 
1 
-54 
-128 
-57 
-3 
-73 
-127 
-35 
-1 
-100 
-94 
5 
0 
-95 
-42 
50 
-5 
-75 
0 
65 
2 
-36 
49 
94 
-2 
-2 
89 
87 
4 
32 
120 
75 
10 
71 
118 
54 
-2 
77 
105 
11 
-3 
98 
73 
-21 
11 
78 
25 
-53 
-4 
58 
-20 
-86 
4 
30 
-76 
-95 
1 
-18 
-124 
-78 
10 
-49 
-129 
-59 
3 
-75 
-129 
-33 
-5 
-95 
-96 
14 
-10 
-88 
-43 
48 
0 
-67 
-5 
68 
10 
-35 
43 
82 
1 
-5 
92 
81 
-9 
43 
124 
72 
-6 
63 
125 
49 
-2 
91 
106 
10 
-7 
85 
81 
-20 
-12 
72 
22 
-64 
5 
61 
-25 
-70 
14 
23 
-71 
-71 
18 
-9 
-122 
-94 
-2 
-70 
-117 
-63 
-2 
-80 
-123 
-27 
-1 
-87 
-90 
-4 
2 
-85 
-56 
44 
2 
-65 
-5 
56 
-7 
-38 
50 
85 
4 
-2 
98 
87 
-2 
26 
114 
78 
-2 
59 
128 
66 
6 
72 
113 
13 
1 
83 
66 
-27 
3 
80 
22 
-58 
1 
67 
-38 
-82 
-5 
27 
-73 
-93 
-14 
-11 
-111 
-98 
0 
-53 
-115 
-66 
1 
-73 
-129 
-34 
6 
-83 
-91 
-5 
7 
-89 
-51 
38 
-13 
-74 
12 
76 
1 
-55 
52 
86 
5 
-8 
93 
77 
7 
36 
110 
70 
1 
67 
127 
44 
11 
81 
106 
11 
7 
100 
78 
-22 
0 
76 
28 
-62 
0 
42 
-25 
-86 
-8 
25 
-68 
-84 
-9 
-22 
-110 
-81 
-9 
-42 
-124 
-74 
0 
-72 
-118 
-35 
-8 
-86 
-96 
7 
3 
-83 
-62 
37 
3 
-73 
7 
75 
-7 
-51 
45 
91 
3 
4 
91 
91 
-5 
23 
120 
73 
2 
71 
122 
42 
-2 
90 
124 
22 
-2 
87 
84 
-23 
-9 
86 
30 
-50 
-1 
57 
-24 
-91 
2 
28 
-66 
-85 
7 
-8 
-114 
-89 
-7 
-45 
-140 
-66 
4 
-69 
-121 
-35 
-2 
-106 
-86 
11 
-2 
-99 
-52 
32 
12 
-78 
-8 
72 
4 
-48 
49 
88 
2 
-15 
104 
93 
-3 
30 
115 
74 
-4 
63 
132 
50 
6 
87 
109 
22 
2 
86 
74 
-28 
1 
78 
38 
-58 
-4 
50 
-21 
-83 
-2 
16 
-82 
-76 
7 
-20 
-119 
-79 
-1 
-41 
-134 
-59 
1 
-77 
-119 
-27 
10 
-94 
-98 
4 
1 
-93 
-58 
44 
4 
-70 
-6 
78 
-6 
-29 
62 
91 
-9 
-1 
81 
94 
-1 
42 
123 
79 
1 
57 
133 
49 
5 
87 
107 
15 
-3 
88 
80 
-29 
5 
84 
24 
-73 
-4 
67 
-18 
-80 
3 
33 
-77 
-81 
0 
-24 
-90 
-79 
2 
-53 
-127 
-57 
2 
-80 
-126 
-34 
-2 
-88 
-100 
9 
9 
-84 
-53 
47 
3 
-64 
-5 
68 
-8 
-48 
54 
92 
4 
-7 
102 
78 
-5 
45 
126 
60 
-4 
65 
125 
56 
1 
91 
112 
14 
2 
98 
82 
-24 
1 
86 
17 
-66 
6 
54 
-22 
-81 
6 
29 
-76 
-98 
4 
-10 
-115 
-90 
-1 
-51 
-129 
-70 
8 
-72 
-115 
-33 
0 
-82 
-97 
10 
6 
-82 
-64 
49 
-6 
-68 
-2 
70 
9 
-37 
55 
83 
0 
-4 
102 
91 
-3 
33 
121 
77 
5 
58 
124 
65 
18 
73 
116 
10 
-12 
90 
74 
-19 
4 
93 
41 
-52 
-2 
63 
-26 
-70 
-1 
11 
-73 
-87 
8 
-3 
-118 
-90 
-6 
-57 
-119 
-64 
-7 
-66 
-126 
-28 
-8 
-96 
-103 
5 
4 
-78 
-45 
45 
0 
-67 
0 
79 
-11 
-35 
36 
94 
12 
-1 
89 
93 
10 
25 
128 
81 
-7 
71 
132 
50 
10 
82 
115 
13 
4 
95 
75 
-17 
2 
82 
26 
-65 
6 
58 
-34 
-87 
4 
26 
-88 
-93 
-6 
-8 
-103 
-98 
-2 
-65 
-129 
-68 
13 
-66 
-125 
-30 
-1 
-90 
-86 
2 
-5 
-88 
-45 
45 
-1 
-52 
4 
83 
-4 
-47 
60 
81 
-11 
0 
90 
93 
9 
25 
128 
64 
-6 
68 
121 
53 
5 
87 
104 
21 
1 
102 
58 
-8 
-4 
77 
17 
-62 
7 
62 
-22 
-73 
-6 
13 
-84 
-88 
-3 
-14 
-106 
-82 
-1 
-46 
-128 
-69 
-1 
-74 
-123 
-26 
-9 
-96 
-107 
-3 
-2 
-104 
-41 
41 
3 
-55 
5 
68 
-6 
-51 
49 
97 
-1 
-7 
93 
94 
-2 
24 
116 
81 
-9 
62 
130 
61 
-1 
92 
113 
11 
-4 
86 
72 
-21 
0 
72 
16 
-54 
8 
46 
-23 
-79 
1 
28 
-60 
-93 
-7 
-17 
-109 
-91 
-4 
-51 
-124 
-59 
-6 
-76 
-121 
-41 
-1 
-74 
-94 
2 
5 
-86 
-40 
41 
0 
-81 
0 
77 
0 
-42 
45 
95 
-7 
-10 
91 
91 
-5 
29 
127 
72 
-1 
56 
133 
37 
-9 
85 
111 
6 
-3 
85 
78 
-15 
-3 
83 
21 
-50 
-5 
51 
-20 
-80 
-7 
28 
-84 
-87 
-7 
-13 
-99 
-89 
-3 
-51 
-116 
-72 
4 
-76 
-127 
-43 
2 
-92 
-91 
6 
1 
-83 
-58 
39 
-14 
-60 
12 
64 
10 
-45 
63 
91 
-3 
3 
100 
99 
-1 
33 
121 
72 
-1 
64 
133 
58 
8 
93 
124 
8 
4 
93 
72 
-30 
-7 
75 
21 
-62 
-3 
52 
-11 
-87 
-2 
24 
-69 
-98 
-7 
-18 
-112 
-78 
0 
-54 
-120 
-68 
0 
-78 
-123 
-33 
-5 
-84 
-102 
-1 
-1 
-82 
-42 
29 
4 
-82 
-3 
82 
4 
-38 
54 
95 
9 
-4 
84 
93 
14 
44 
122 
72 
1 
54 
125 
46 
9 
95 
100 
21 
-16 
88 
94 
-26 
10 
89 
20 
-61 
1 
63 
-29 
-65 
2 
17 
-88 
-96 
5 
-16 
-120 
-78 
-6 
-60 
-133 
-52 
-4 
-77 
-123 
-21 
0 
-95 
-112 
6 
0 
-90 
-61 
38 
3 
-78 
-2 
66 
-12 
-36 
55 
89 
-7 
-6 
95 
92 
1 
33 
125 
69 
5 
58 
116 
48 
1 
79 
111 
9 
5 
89 
80 
-25 
-5 
77 
23 
-54 
-15 
59 
-40 
-79 
8 
20 
-80 
-89 
7 
-22 
-123 
-83 
-1 
-48 
-122 
-56 
2 
-74 
-117 
-20 
11 
-83 
-105 
12 
-3 
-86 
-60 
38 
-7 
-69 
-4 
66 
-4 
-51 
43 
93 
0 
-11 
101 
85 
8 
33 
130 
66 
1 
62 
126 
52 
-6 
88 
113 
16 
4 
93 
76 
-16 
11 
80 
17 
-43 
-8 
52 
-19 
-80 
-10 
19 
-74 
-92 
1 
-11 
-109 
-83 
-2 
-53 
-131 
-61 
5 
-81 
-118 
-39 
-4 
-100 
-100 
7 
-2 
-86 
-40 
43 
15 
-80 
6 
64 
-1 
-35 
61 
90 
4 
1 
104 
88 
-3 
26 
119 
79 
7 
62 
123 
46 
3 
94 
112 
27 
2 
104 
80 
-28 
-7 
72 
35 
-58 
-2 
51 
-31 
-76 
-3 
13 
-75 
-78 
-2 
-10 
-114 
-90 
3 
-41 
-128 
-66 
-2 
-76 
-127 
-31 
0 
-80 
-95 
11 
-9 
-94 
-46 
32 
5 
-60 
-8 
90 
0 
-43 
55 
81 
-8 
-17 
93 
86 
-3 
32 
121 
79 
1 
68 
123 
53 
-5 
83 
105 
0 
-4 
93 
78 
-19 
2 
73 
15 
-59 
6 
49 
-29 
-83 
5 
23 
-74 
-86 
-6 
-23 
-115 
-83 
-4 
-51 
-111 
-67 
-4 
-73 
-109 
-21 
3 
-97 
-91 
2 
4 
-88 
-49 
36 
1 
-66 
-6 
72 
-1 
-38 
61 
98 
-1 
-4 
98 
79 
-16 
43 
117 
85 
-1 
70 
137 
46 
6 
79 
117 
16 
-4 
93 
80 
-24 
11 
78 
36 
-54 
-10 
53 
-12 
-83 
-8 
23 
-68 
-102 
-1 
-16 
-114 
-92 
-18 
-34 
-127 
-68 
14 
-77 
-132 
-34 
3 
-92 
-89 
15 
-7 
-83 
-47 
29 
0 
-66 
-1 
59 
2 
-55 
54 
79 
-11 
1 
95 
83 
6 
29 
123 
58 
4 
57 
131 
56 
-7 
79 
106 
23 
-7 
95 
76 
-22 
4 
86 
28 
-61 
14 
54 
-37 
-78 
-3 
18 
-71 
-83 
-1 
-19 
-122 
-84 
6 
-54 
-134 
-61 
3 
-92 
-122 
-31 
8 
-92 
-100 
8 
11 
-89 
-59 
42 
9 
-74 
-8 
72 
-5 
-29 
35 
101 
6 
-3 
89 
86 
-3 
33 
130 
92 
5 
58 
126 
38 
-1 
88 
97 
19 
7 
78 
67 
-26 
1 
72 
31 
-58 
3 
47 
-29 
-81 
5 
27 
-83 
-94 
-3 
-15 
-110 
-80 
5 
-64 
-132 
-60 
-3 
-82 
-118 
-35 
5 
-99 
-103 
1 
-6 
-87 
-49 
48 
1 
-77 
8 
66 
-7 
-42 
45 
83 
-2 
-12 
94 
85 
4 
23 
121 
81 
1 
64 
114 
53 
-4 
86 
118 
-5 
-4 
93 
79 
-21 
14 
75 
32 
-57 
9 
57 
-18 
-70 
-1 
27 
-79 
-87 
-9 
-10 
-114 
-80 
-4 
-46 
-132 
-61 
2 
-73 
-116 
-44 
3 
-90 
-79 
4 
-1 
-88 
-54 
51 
1 
-80 
-4 
79 
-5 
-48 
62 
86 
-1 
-9 
103 
90 
-2 
37 
124 
75 
7 
70 
124 
59 
1 
91 
115 
15 
-6 
91 
79 
-13 
4 
71 
19 
-68 
8 
54 
-27 
-80 
1 
11 
-76 
-101 
-6 
-17 
-125 
-92 
-2 
-49 
-125 
-69 
-1 
-68 
-117 
-36 
7 
-93 
-94 
-2 
-3 
-92 
-66 
50 
2 
-83 
12 
